# Top Raman tensors (RASCBEC)
# Electric field: E = 0.1
# ra = ra_tot / (4*pi*epslon_0)

Rank 01 | Mode 163 | freq = 1472.183990 cm^-1 | Activity(E=0.1) = 8.2957377778e+02
  4.0318761359e+00  -1.4028038586e-01  1.7756294121e-02
  -1.4028038586e-01  4.6787157928e+00  -2.1891733236e-01
  1.7756294121e-02  -2.1891733236e-01  4.1395046974e+00

Rank 02 | Mode 033 | freq = 487.651957 cm^-1 | Activity(E=0.1) = 3.6477603920e+02
  2.8459297344e+00  -2.2472667247e-02  1.6361877716e-03
  -2.2472667247e-02  2.8515383285e+00  -3.2135468349e-02
  1.6361877716e-03  -3.2135468349e-02  2.8435311346e+00

Rank 03 | Mode 180 | freq = 1556.898979 cm^-1 | Activity(E=0.1) = 1.3711230432e+02
  2.3240597970e+00  -5.0121468053e-01  -3.2377429684e-05
  -5.0121468053e-01  -2.1690399919e+00  -1.0195775198e+00
  -3.2377429684e-05  -1.0195775198e+00  -5.8668404920e-01

Rank 04 | Mode 177 | freq = 1556.610794 cm^-1 | Activity(E=0.1) = 1.0470160480e+02
  4.7395168088e-01  8.0640372108e-01  1.5215055049e+00
  8.0640372108e-01  1.0036383403e+00  -3.1642733635e-01
  1.5215055049e+00  -3.1642733635e-01  -1.6143741846e+00

Rank 05 | Mode 178 | freq = 1556.661429 cm^-1 | Activity(E=0.1) = 1.0174299723e+02
  1.0203616227e+00  4.9054007803e-01  -8.8214953731e-01
  4.9054007803e-01  3.9214002133e-01  1.4589886807e+00
  -8.8214953731e-01  1.4589886807e+00  -1.4829892606e+00

Rank 06 | Mode 176 | freq = 1556.296969 cm^-1 | Activity(E=0.1) = 9.5531581777e+01
  2.3861231840e-01  -4.8662740029e-01  1.3457060359e+00
  -4.8662740029e-01  -1.1892472064e+00  1.1653938274e+00
  1.3457060359e+00  1.1653938274e+00  9.0273243616e-01

Rank 07 | Mode 179 | freq = 1556.736133 cm^-1 | Activity(E=0.1) = 9.3143416419e+01
  1.2305073607e-01  -1.6952251195e+00  2.0462096598e-01
  -1.6952251195e+00  1.0392930994e+00  -1.4063108795e-02
  2.0462096598e-01  -1.4063108795e-02  -1.3915156075e+00

Rank 08 | Mode 010 | freq = 257.946709 cm^-1 | Activity(E=0.1) = 6.2694225224e+01
  1.6638979644e+00  -1.7107688557e-01  -1.0532865425e-01
  -1.7107688557e-01  -1.7466517436e+00  -1.8586105348e-01
  -1.0532865425e-01  -1.8586105348e-01  -1.7124248331e-02

Rank 09 | Mode 007 | freq = 257.771822 cm^-1 | Activity(E=0.1) = 5.1488279111e+01
  7.9558741793e-01  4.4018207715e-01  -6.2427244410e-01
  4.4018207715e-01  8.5654793102e-01  -1.0936324242e-01
  -6.2427244410e-01  -1.0936324242e-01  -1.5310268711e+00

Rank 10 | Mode 130 | freq = 1241.564174 cm^-1 | Activity(E=0.1) = 4.7621120236e+01
  7.0188914082e-01  -5.2905518476e-01  5.4818147612e-01
  -5.2905518476e-01  1.8277511573e-01  -9.9762752996e-01
  5.4818147612e-01  -9.9762752996e-01  -9.2613067229e-01

